#HistName  Amp1 dAmp1  Amp2 dAmp2  X0 dX0  Y0 dY0  SigmaX1 dSigmaX1  SigmaY1 dSigmaY1  SigmaX2 dSigmaX2  SigmaY2 dSigmaY2  Theta dTheta  Const dConst  Ax dAx  Ay dAy  Cxy dCxy  Chi2 NDF
hist2d_0  741.03  0  370.5  0  375.824  0  -57.8214  0  152.802  0  156.943  0  2  0  2  0  -0.00337963  0  0.0236628  0  5.08877e-05  0  0.00473256  0  1.01775e-05  0  6.64335e-09  0
hist2d_15  194.004  0  97  0  398.855  0  -10.7817  0  149.307  0  107.36  0  2  0  2  0  0.000508566  0  0.00396545  0  8.52786e-06  0  0.000793091  0  1.70557e-06  0  2.42369e-09  0
hist2d_30  149.813  0  74.5  0  305.213  0  -98.2428  0  143.172  0  98.309  0  2  0  2  0  0.00681954  0  0.281528  0  0.000632646  0  0.0563055  0  0.000126529  0  3.01823e-08  0
hist2d_45  220.298  0  119  0  225.735  0  -105.306  0  122.511  0  80.9926  0  2  0  2  0  -0.0376133  0  -1.89013  0  -0.00478515  0  -0.378027  0  -0.000957029  0  5.18859e-09  0
hist2d_60  104.811  0  51.5  0  101.125  0  -78.5561  0  124.07  0  76.9455  0  2  0  2  0  0.00696149  0  0.114201  0  0.000331018  0  0.0228402  0  6.62035e-05  0  2.92398e-07  0
hist2d_75  154.998  0  77.5  0  45.8225  0  5.01472  0  112.308  0  141.113  0  2  0  2  0  -0.13384  0  -0.000160906  0  -5.27562e-07  0  -3.21813e-05  0  -1.05512e-07  0  1.56217e-12  0
hist2d_90  307  0  153.5  0  265  0  5  0  105.179  0  135.828  0  2  0  2  0  0  0  0  0  0  0  0  0  0  0  0  0
hist2d_105  90  0  45  0  235  0  5  0  101.814  0  124.09  0  2  0  2  0  0  0  0  0  0  0  0  0  0  0  0  0
hist2d_120  209  0  104.5  0  205  0  5  0  90.1012  0  115.125  0  2  0  2  0  0  0  0  0  0  0  0  0  0  0  0  0
hist2d_135  101  0  50.5  0  195  0  5  0  114.342  0  126.671  0  2  0  2  0  0  0  0  0  0  0  0  0  0  0  0  0
hist2d_150  245  0  122.5  0  175  0  5  0  145.921  0  148.488  0  2  0  2  0  0  0  0  0  0  0  0  0  0  0  0  0
hist2d_165  2243  0  1121.5  0  155  0  5  0  151.571  0  155.225  0  2  0  2  0  0  0  0  0  0  0  0  0  0  0  0  0
